picturn:0
-20
-10
-11
-11
4
-10
-14
-6
-21
-35
-25
-32
-28
-18
-26
-21
-24
-27
-16
-20
-24
-21
-21
-3
-30
-9
-17
-5
10
-12
-25
-15
-18
-22
3
-28
-16
-13
-10
-14
-18
-7
-19
-23
-8
-1
-9
-16
-25
-18
-8
-4
18
20
0
-15
9
-6
0
3
10
17
-2
-11
-17
1
-5
-7
-8
-3
-21
0
-17
-14
-27
-5
23
2
4
8
-23
-17
-19
-21
-19
-26
-14
-13
-6
-24
-21
-23
-34
-19
-9
-31
-17
-27
-24
-20
-21
-17
-11
-17
-6
-30
-17
6
7
-17
-10
3
24
5
7
-9
-9
3
-12
-21
-15
-19
5
-8
4
-8
-12
-31
-31
-24
-3
-37
-27
-29
-27
-33
-29
-28
-26
-24
-12
-23
-27
-18
-19
-15
-21
-26
-20
-27
-14
20
-15
7
2
-2
2
3
-12
10
-10
15
7
5
-8
3
-10
-22
16
-21
-18
14
6
-12
-3
-26
-7
-12
18
0
-1
-18
2
-6
5
3
-1
3
-27
-21
-14
1
0
-16
-16
13
0
-2
-15
7
-3
3
4
12
16
-5
-16
5
2
8
-19
15
-2
-2
-11
2
-20
10
-11
1
-7
-14
-5
13
6
0
-19
1
-20
-6
9
-10
0
-16
7
-9
1
16
11
10
2
4
6
-5
-7
7
-12
-11
-9
-5
0
7
1
-2
13
-23
-4
9
-9
1
-11
-11
-16
11
11
4
-7
-19
-7
-21
-18
-27
-18
-1
-24
-15
-10
-14
-29
-9
-17
-5
-2
11
14
2
-17
-14
-16
-26
-18
-20
-14
-17
-19
-18
-19
-25
-18
-7
-29
-3
-27
-18
-17
-9
-1
-21
-22
-14
0
-22
-6
7
24
-9
-28
-24
-25
-24
-28
-18
-23
-10
-22
-17
-27
7
8
-7
-12
-18
-11
7
-7
-31
-15
-21
-6
-16
-8
-12
-27
-25
-35
-18
-26
-15
-28
-17
-8
-23
-14
-18
-14
-31
10
-19
8
5
-17
15
-1
-3
-11
-16
-21
-13
-15
-14
-25
-34
-15
-26
-13
-22
-24
-11
-13
-5
-9
-6
-11
-4
-22
-11
-16
-20
-15
-22
3
-8
-9
7
-19
-17
-8
-21
33
32
13
39
34
-26
-16
-13
2
-6
-33
11
-19
7
1
5
16
0
9
16
12
42
18
20
19
0
18
-11
1
18
-6
16
29
-4
16
15
16
19
-6
-4
-7
-5
23
15
2
19
-13
17
20
23
-3
-19
-11
14
-1
23
14
31
-7
38
1
39
-22
13
4
7
31
15
-18
15
2
12
19
-5
-18
-5
18
-9
3
31
8
-16
13
25
12
-15
-34
23
25
26
18
4
11
-2
17
-3
7
2
17
1
34
15
-9
27
11
10
15
9
24
14
26
-6
-15
-1
18
3
24
35
9
-10
18
11
3
7
-1
22
0
-23
1
-2
34
25
35
17
5
17
0
-6
-22
-14
11
23
-32
26
37
32
13
17
19
-26
-2
19
-5
18
32
7
-28
7
26
7
23
11
-5
-21
-1
18
6
-9
5
12
21
-18
41
1
12
-4
10
-7
-13
15
8
29
0
-2
-11
8
18
14
-25
16
-4
19
-9
20
3
36
29
-21
6
3
15
8
13
14
-17
-31
17
19
14
32
25
-8
40
18
-22
19
16
17
16
6
18
35
17
-5
35
20
-1
-22
32
11
-15
37
16
13
18
21
-18
-8
15
-5
26
26
-9
23
24
16
33
-8
17
0
4
-12
35
3
7
-6
-6
32
-16
-4
18
7
-10
-4
-3
-19
-2
-9
15
9
-13
10
-11
-1
13
34
17
-28
-7
17
30
18
13
17
-1
19
13
1
-9
33
0
3
-28
0
21
1
-6
1
21
27
4
12
25
-6
-12
10
4
-17
-16
7
5
16
11
24
3
0
40
-15
9
-12
-4
22
24
-8
11
-6
6
7
-18
-1
-18
29
-18
34
25
32
-27
26
16
20
1
3
16
17
-7
12
-9
25
15
20
7
27
36
-2
0
28
2
-11
-17
-8
3
15
10
27
6
21
11
7
-15
12
14
21
24
3
15
19
23
19
13
8
7
-12
-7
-12
5
14
21
31
15
11
21
15
-3
8
5
11
23
7
19
36
5
4
1
-9
-12
-19
6
18
32
-35
18
6
-2
27
-18
29
-21
3
2
-12
27
20
-20
-28
14
28
35
-16
6
24
21
-12
5
15
-7
-29
33
-2
20
34
6
-3
1
37
19
18
6
32
11
-16
16
28
18
12
15
-16
48
20
-28
3
18
19
14
18
13
6
-16
-6
-11
-19
16
14
1
-30
13
0
-25
6
17
-2
25
21
10
34
29
6
17
33
-12
3
-12
28
-1
-7
18
22
19
-17
9
24
17
13
-14
-11
20
27
6
19
29
25
1
5
33
26
-15
-13
-31
9
-5
10
18
2
6
32
14
-8
-4
-13
-26
-1
9
25
1
-9
7
-6
-10
-6
0
-11
2
-9
-10
6
8
-9
-12
-5
-18
-10
-7
-2
11
-4
-13
5
11
-17
-25
15
-7
-12
19
17
-5
1
-5
10
25
14
14
6
-7
18
-16
-6
-26
-9
-13
0
-4
-4
9
7
3
-15
-9
8
-18
14
2
-20
11
-22
-19
-29
-15
-11
-8
-13
7
27
0
0
0
0
0
0
0
0
0
0
0
0
0
0
0
0
0
0
0
0
0
0
0
0
picturn:0
-19
-8
-10
-12
6
-11
-12
-6
-22
-34
-26
-30
-28
-18
-21
-20
-23
-26
-19
-18
-21
-20
-21
-3
-32
-7
-17
-6
14
-13
-23
-13
-17
-17
8
-25
-12
-11
-9
-14
-15
-7
-21
-22
-8
-1
-7
-16
-25
-19
-8
-3
18
21
1
-13
9
-4
3
5
13
19
-4
-9
-15
5
-6
-7
-8
-4
-17
2
-15
-14
-25
-9
22
2
-2
10
-24
-17
-21
-24
-19
-25
-15
-11
-2
-19
-18
-22
-35
-21
-7
-32
-19
-30
-27
-21
-22
-20
-10
-16
-6
-29
-18
8
9
-15
-9
2
24
8
9
-6
-9
4
-12
-19
-15
-19
2
-8
6
-6
-10
-34
-33
-23
-3
-36
-26
-27
-26
-32
-28
-29
-27
-25
-10
-24
-30
-20
-25
-18
-21
-25
-19
-25
-11
20
-17
8
3
-3
2
2
-14
9
-11
13
9
4
-8
4
-13
-24
16
-21
-22
15
6
-12
-4
-27
-7
-12
17
1
-3
-17
2
-4
4
2
0
4
-26
-21
-13
3
2
-14
-18
12
-3
-1
-15
8
-4
5
3
14
16
-4
-15
4
2
9
-21
14
-4
-1
-11
1
-21
10
-12
1
-8
-16
-6
15
7
-1
-20
0
-20
-6
8
-11
-2
-16
8
-11
1
17
12
9
2
1
6
-6
-9
8
-14
-13
-12
-7
-1
7
1
-2
13
-26
-5
7
-10
-1
-10
-13
-18
10
10
6
-6
-20
-7
-22
-19
-28
-19
0
-26
-17
-11
-15
-29
-10
-18
-6
-2
9
13
2
-18
-14
-15
-27
-18
-20
-14
-16
-22
-18
-20
-27
-21
-6
-29
0
-26
-18
-16
-5
1
-22
-25
-14
0
-20
-6
7
27
-6
-27
-25
-24
-23
-26
-18
-23
-9
-21
-17
-27
9
14
-4
-12
-19
-11
9
-6
-33
-17
-22
-7
-17
-8
-12
-28
-28
-37
-21
-27
-16
-29
-18
-9
-25
-14
-18
-17
-33
10
-17
5
6
-15
17
-1
-2
-11
-17
-21
-15
-15
-17
-26
-37
-15
-26
-15
-22
-26
-11
-15
-5
-8
-6
-7
-6
-24
-16
-19
-18
-15
-22
3
-11
-10
8
-18
-20
-6
-18
36
34
15
40
36
-25
-17
-15
2
-6
-33
13
-19
6
1
4
17
1
9
13
11
42
20
22
22
1
20
-10
1
15
-7
14
27
-5
14
15
15
20
-3
-4
-4
-9
23
18
-1
18
-12
18
21
23
-4
-21
-13
12
-2
22
13
30
-8
37
-2
38
-21
12
5
6
17
12
-13
7
6
-3
22
-15
-19
19
19
0
3
6
16
5
12
23
12
-14
-35
24
22
26
19
7
9
-2
16
-4
7
2
15
1
34
15
-11
27
9
12
14
13
24
17
28
-5
-14
1
18
4
26
38
11
-11
18
8
3
7
-4
22
-3
-23
2
-2
33
24
37
18
1
15
-3
-6
-20
-15
11
22
-31
25
40
33
13
16
21
-24
-4
22
-6
17
32
9
-29
8
23
8
20
9
-5
-20
0
16
3
-6
3
13
22
-18
39
0
15
-2
10
-6
-14
16
10
33
4
1
-10
7
17
14
-25
17
-5
20
-9
20
2
34
30
-21
5
0
15
10
14
15
-15
-34
20
18
14
34
24
-7
38
14
-23
19
15
16
15
5
19
35
15
-3
37
20
-1
-22
33
19
-15
36
18
14
16
21
-20
-6
13
-1
27
23
-10
22
26
14
30
-7
15
-1
6
-11
34
4
5
-11
-3
32
-13
-5
15
6
-9
-5
-4
-19
-1
-9
16
11
-15
8
-11
0
12
35
13
-28
-10
19
30
19
12
17
-1
18
10
4
-12
32
1
2
-30
0
19
-2
-7
2
23
26
4
8
22
-7
-12
9
-42
27
-6
1
-14
39
-25
16
44
-5
85
15
-32
-31
-36
17
34
23
20
-3
-16
13
-6
6
6
-6
-18
21
17
25
-13
37
15
21
2
1
16
15
-5
15
-10
25
14
20
7
28
33
0
1
27
0
-13
-19
-8
7
17
10
27
4
18
11
7
-15
12
16
21
24
2
16
19
22
20
15
7
7
-10
-7
-14
4
17
20
35
13
9
23
14
-5
10
6
12
25
6
15
36
1
6
2
-6
-13
-19
5
18
31
-35
19
5
-3
25
-20
27
-19
5
2
-11
26
20
-20
-25
14
27
34
-17
5
26
23
-10
6
14
-7
-28
32
-6
22
37
6
-2
1
36
18
18
4
33
10
-16
15
29
19
13
13
-16
47
17
-26
2
18
21
12
16
12
5
-12
-8
-9
-20
16
12
4
-29
14
-2
-24
7
17
0
23
25
12
33
28
4
17
35
-11
2
-10
26
-5
-10
18
21
18
-17
10
26
21
16
-15
-12
19
27
7
23
29
25
0
7
31
27
-15
-13
-33
9
-5
8
15
0
7
30
12
-8
-2
-16
-25
-3
8
25
-1
-7
6
-5
-13
-7
1
-10
3
-6
-12
9
7
-8
-8
-4
-16
-10
-6
0
10
-3
-13
6
13
-17
-22
15
-8
-13
17
16
-3
0
-6
10
27
12
12
6
-6
17
-17
-4
-27
-8
-12
0
-3
-4
10
5
5
-12
-6
11
-17
15
2
-20
12
-21
-19
-29
-16
-9
-9
-11
8
25
0
0
0
0
0
0
0
0
0
0
0
0
0
0
0
0
0
0
0
0
0
0
0
0
picturn:1
-12
-12
-4
5
15
-1
-16
-25
-26
-29
-27
-18
-5
-6
1
-16
-10
-3
1
3
-17
0
-14
-14
-23
-18
-8
-1
-12
-9
-18
-9
-14
-24
-1
-29
-26
-28
-19
-20
-5
1
-14
-17
-9
-25
2
-10
-16
-15
-10
-1
16
4
-8
2
-15
-10
7
19
-8
4
-4
-15
11
6
-11
-9
-15
-12
-17
-16
-16
-14
-25
-12
0
0
-5
-9
-15
-2
-23
-15
-19
-21
-22
-1
-7
1
-27
-12
-13
-21
-6
-16
-10
-9
-19
-11
-19
-23
-18
-7
-2
-7
-13
-11
-6
-17
-5
25
14
5
6
-6
-13
-26
-16
-20
-5
-13
-11
-17
-8
-13
-12
-17
-20
-12
-20
0
6
-14
-7
-28
-10
-18
-21
-22
-11
-23
-21
-9
4
-6
7
-5
-1
-1
1
3
-20
2
-12
-2
-6
-13
-8
-5
-4
11
-8
3
-8
-13
-14
-10
1
-10
-8
16
16
-2
1
-23
0
-11
19
-5
-4
-3
-4
-10
-6
-2
-7
-4
-11
-6
-10
-13
5
-15
-10
9
-2
-8
-8
-1
-16
-13
-5
4
1
-2
-13
-3
2
1
-14
-5
-6
-10
-15
-14
-20
0
-13
-9
-12
-22
-3
-1
-5
2
-12
-8
-23
-7
-10
-16
-3
-12
-10
-3
-11
2
-8
-10
-7
-17
-8
-18
-21
3
-13
-10
-8
-11
0
-16
-13
-2
8
-15
-2
5
-8
-11
-11
-18
-21
0
6
-7
-12
-15
-12
-18
-6
-22
-9
-2
-13
-26
-14
-13
-15
1
-22
-9
-24
-5
6
-16
-16
-18
-24
-22
-31
-26
-24
-18
-17
-10
-10
-32
-15
-5
-15
-7
-22
-7
-19
-9
-10
-20
-23
-16
6
-13
-13
4
-2
7
-21
-9
-17
-9
1
-22
-21
-22
-1
-19
-27
11
-12
2
-15
6
-7
-1
-18
-22
-1
-14
-2
-20
-14
-5
-17
-15
-32
-18
-15
-13
-22
-10
-6
-22
-10
-7
-10
-17
0
-4
3
-8
-9
0
-12
-17
4
-6
-3
1
-5
-1
-18
-9
-9
-17
-6
-5
-9
-16
-7
3
-13
-6
-13
-4
-22
-24
-25
-25
-18
9
10
9
-8
-15
2
17
-22
-23
-4
13
6
-15
-17
-11
11
2
-7
5
-18
9
-13
20
25
-6
31
-5
21
-4
31
17
-14
13
21
22
15
-14
-13
1
18
-12
2
27
-1
21
26
25
12
5
3
-11
2
-22
17
25
4
26
26
-2
12
-13
6
11
7
2
3
8
13
18
-4
25
-7
16
10
18
11
18
3
-7
4
-12
13
-4
3
37
7
2
-6
25
18
16
7
22
26
-22
3
15
-4
12
19
8
2
2
-1
-7
22
1
-9
-7
-4
16
-16
4
10
16
0
13
18
9
20
-21
-8
18
28
-9
11
11
28
-5
20
-5
5
4
-8
38
5
-12
11
14
16
18
21
10
3
8
12
15
-13
-5
19
10
-22
-1
16
24
7
19
-9
-18
-3
25
6
19
8
-2
-23
-12
13
18
6
38
0
-12
-16
16
2
-9
-11
9
-2
-12
32
-2
0
1
18
16
2
5
8
1
3
-10
-16
33
24
1
-20
31
11
18
9
31
17
14
10
-5
16
-6
6
5
35
6
8
-23
17
36
74
-8
20
-7
19
9
-14
30
3
16
14
14
22
11
28
10
2
28
-1
-9
11
5
-2
2
12
2
22
28
-12
2
29
6
20
24
-5
9
-11
13
10
-8
5
1
9
0
23
4
-3
7
7
16
3
7
-2
10
-1
-12
23
-13
22
8
24
23
-11
9
15
-1
42
34
18
-6
-5
24
32
2
24
23
10
7
14
-14
-6
-10
6
-3
-20
24
19
13
-8
14
25
6
-7
-18
31
3
20
21
22
-2
-4
4
15
26
25
23
6
28
6
-10
10
8
-2
17
11
21
2
1
-20
19
24
-1
32
30
16
22
17
18
-13
13
-6
-2
3
21
-8
6
26
-1
6
5
14
-4
26
34
20
7
-2
3
14
11
1
6
6
-10
1
24
-11
1
0
20
-5
29
16
35
36
-6
1
13
30
16
-7
26
30
-14
-8
-18
21
22
19
30
19
13
19
-10
7
11
23
1
20
9
9
27
-4
0
-17
38
9
-13
22
7
12
13
1
11
-6
7
8
17
15
-3
6
3
27
-14
-26
-5
16
34
34
-8
9
-7
29
-5
27
16
-10
-9
4
20
25
30
6
1
32
6
15
35
15
18
3
-14
24
27
-2
12
11
-15
-8
17
0
-9
5
9
3
38
3
-1
2
-1
-11
-10
25
2
9
0
20
-14
-20
8
24
22
9
21
13
-8
44
12
6
16
-21
0
-7
-6
7
7
7
19
11
16
33
27
30
30
-11
-10
14
6
15
0
23
9
26
2
14
19
-8
-6
1
-9
6
-2
6
13
-1
5
-11
-1
-5
-8
-24
-6
2
18
1
-13
-2
-17
-8
-1
0
-5
-2
3
-11
-10
-9
0
-3
-12
-17
-12
-6
-10
-6
-14
-7
-5
19
-23
-21
-23
-22
-21
-8
1
-9
-18
-27
0
-10
-5
8
-10
1
6
-15
6
-31
-2
-9
7
1
0
-14
7
4
-2
7
-4
-15
6
-9
-21
-15
-19
-24
-33
-13
-12
3
-26
9
23
0
0
0
0
0
0
0
0
0
0
0
0
0
0
0
0
0
0
0
0
0
0
0
0
picturn:2
127
25
19
12
20
38
7
15
11
-29
1
11
28
4
-3
5
-7
-9
-23
-5
-12
13
-4
-2
-12
2
41
18
11
42
17
1
6
8
10
14
39
7
22
36
25
31
12
8
32
-1
18
31
8
30
43
16
43
29
21
15
13
11
40
29
37
35
43
20
18
31
11
21
5
8
-20
-2
-3
-12
-16
-11
6
-9
3
32
-12
-25
13
1
-8
4
26
14
-6
16
13
-6
-19
-7
8
-13
-3
-8
-16
-5
-22
8
26
21
9
-7
7
14
26
34
11
6
34
58
38
14
50
2
36
30
15
21
26
34
43
10
32
-17
-24
5
-11
-8
-17
23
-3
-9
-17
-29
9
-38
-3
-19
-15
-36
-2
-25
-26
-29
-29
8
-18
14
-42
1
-24
-26
-13
-18
-18
0
-27
-6
-7
-6
-29
-23
-36
-30
9
-31
-29
10
4
-18
-20
-37
-9
-24
16
-16
-19
-14
-19
-19
-19
-6
-3
-10
-22
-23
-31
-38
-8
-21
-7
-7
-19
-23
-19
2
-34
-22
-3
8
-1
-15
-17
-9
-13
-7
-36
9
-23
-18
-28
-11
-12
-9
-9
-26
-15
-12
-10
-13
-5
2
-28
-7
-22
-18
-1
-23
-14
-23
-14
-10
-18
0
-13
-10
-16
-32
-26
-40
-36
-25
-36
-25
-30
-19
-11
-32
-29
1
-15
-34
-30
-16
-18
10
-30
-16
-19
7
-2
2
-22
-28
-2
-20
-7
-25
-11
-5
-11
-40
-19
8
-10
-19
10
-23
-6
-10
-13
-25
3
-18
2
-23
-13
-24
-8
0
-9
4
-28
-24
19
-2
0
9
10
11
17
16
26
11
7
-8
10
19
16
40
31
20
2
13
19
-5
5
-12
14
-2
15
18
-4
25
36
54
0
-1
-3
6
18
-1
7
1
-10
-15
8
12
5
-13
12
-33
-4
-19
-20
-6
-9
-7
10
6
-26
-21
2
-1
33
6
-5
11
9
57
16
-9
-27
-17
-23
-16
-4
0
12
-9
-12
-13
7
-3
9
5
2
15
40
-9
-2
1
-15
6
-10
88
75
73
10
1
39
86
10
40
4
14
-13
33
14
-24
-27
9
-32
-6
-22
-30
32
26
-18
24
8
-18
3
5
-5
31
19
-8
-5
-4
17
-18
-28
-8
26
39
6
7
-6
17
-13
-21
-15
-10
-10
1
8
20
-5
25
-6
2
-12
-10
-4
-4
-8
10
25
-27
-4
14
32
39
5
3
-30
27
18
-3
8
19
-33
-9
-12
1
-6
-14
8
-9
34
-17
20
-4
-7
-8
-10
-7
-2
-16
-32
-10
-4
12
7
25
56
19
-16
-41
11
-22
-16
-30
-9
9
-33
19
-7
16
-8
-26
4
-19
-2
-2
-39
-12
-11
13
9
32
-4
-31
18
-27
6
2
26
19
26
-8
-25
-27
-7
18
-13
-25
-22
18
-11
-20
-23
-26
9
16
-25
25
32
-33
7
11
1
-35
-31
19
-28
-15
9
-29
-31
4
-4
1
33
7
14
-23
6
-2
-23
-24
12
6
-11
-28
1
-15
10
1
19
15
-5
23
-19
-4
12
6
-7
-13
18
-19
-9
19
2
-11
-4
22
-27
12
14
-12
9
1
-19
42
5
7
-6
-23
2
-12
-5
1
11
-14
26
6
-22
-27
33
-21
-6
-5
14
-5
-6
10
6
-3
-10
-41
8
-16
-30
-2
-8
-9
-1
21
-21
2
10
-10
9
2
-7
19
10
-12
-1
1
5
-10
-32
-9
5
0
27
-4
-9
9
-10
-5
14
5
9
-4
-30
-15
-12
-5
-7
2
-5
21
-1
19
3
-1
29
-30
-31
-7
38
1
11
3
-19
3
4
-4
-13
-14
-29
5
-13
-19
21
26
-14
-1
-2
2
-4
35
9
-1
-10
17
0
-20
-15
-14
-17
3
-23
9
5
-32
8
-5
28
-13
1
7
-4
11
13
12
-23
-2
-5
15
12
-16
-19
29
-19
16
-31
57
-29
7
-1
-7
-3
17
-32
-7
-8
-32
-7
-9
12
16
5
7
39
-15
-7
2
-25
-8
49
-11
-9
-5
0
11
31
-11
-2
-21
24
15
2
-23
13
-13
8
9
16
32
-15
-12
-20
10
-22
-5
12
7
-4
40
22
-12
-4
20
11
18
-1
-6
13
-2
12
-19
-23
-16
-15
-40
-9
9
7
-12
15
13
-22
-15
-32
17
-28
19
15
-19
-4
18
-23
1
24
12
29
-8
-7
-13
41
-17
-1
-17
-7
-27
23
-3
19
31
2
3
-21
20
-14
47
-30
22
-31
-12
-4
1
8
-6
8
-16
19
30
-19
-11
-20
4
0
16
-9
0
-13
-2
1
-30
20
0
5
-27
-6
-34
-35
18
-4
2
-3
16
-2
1
3
-15
-12
17
-8
17
-13
13
-4
-7
-12
13
-16
-10
-19
2
3
4
-19
-23
17
17
17
6
27
3
-10
10
33
29
10
-18
-30
-5
-11
-16
-2
3
-16
18
4
1
15
0
2
1
-4
18
12
5
8
8
28
-9
16
0
10
38
12
-5
-4
3
35
-8
32
32
-3
31
24
16
26
44
21
43
30
30
6
18
-13
3
-4
5
6
23
3
-7
-15
-3
-1
25
-23
16
-29
22
-23
-6
-24
-22
-21
24
2
1
-1
6
9
58
25
-5
27
-10
3
-8
14
14
31
53
55
-3
0
0
0
0
0
0
0
0
0
0
0
0
0
0
0
0
0
0
0
0
0
0
0
0
